   0.0000000e+00   8.9640380e-03   3.2634272e-03
   1.0000000e-02   5.3153216e-01   5.3378622e-03
   2.0000000e-02   1.0982598e+00   9.1933005e-03
   3.0000000e-02   1.6555574e+00   9.8597460e-03
   4.0000000e-02   2.1972586e+00   2.3784442e-03
   5.0000000e-02   2.7445555e+00   9.0151207e-03
   6.0000000e-02   3.2989455e+00   1.4869893e-03
   7.0000000e-02   3.8296890e+00   8.6671312e-03
   8.0000000e-02   4.3995136e+00   1.4519056e-02
   9.0000000e-02   4.9593050e+00  -2.6462365e-03
   1.0000000e-01   5.4874786e+00  -1.0573432e-02
   1.1000000e-01   6.0490979e+00   5.9049063e-03
   1.2000000e-01   6.5912208e+00   2.8695841e-03
   1.3000000e-01   7.1402910e+00  -9.5283555e-03
   1.4000000e-01   7.7002714e+00  -8.1133098e-04
   1.5000000e-01   8.2533463e+00  -6.6339367e-03
   1.6000000e-01   8.7967741e+00  -5.7683030e-03
   1.7000000e-01   9.3437807e+00   1.0292663e-04
   1.8000000e-01   9.8977381e+00   2.5361373e-02
   1.9000000e-01   1.0445589e+01   3.4632941e-03
   2.0000000e-01   1.0999993e+01   1.6341221e-03
   2.1000000e-01   1.1547265e+01   1.6070033e-02
   2.2000000e-01   1.2096045e+01  -1.6179748e-03
   2.3000000e-01   1.2650253e+01   8.1509607e-03
   2.4000000e-01   1.3196978e+01   1.2820691e-02
   2.5000000e-01   1.3753825e+01  -7.7538712e-03
   2.6000000e-01   1.4291007e+01   3.3788369e-03
   2.7000000e-01   1.4835297e+01   6.1097961e-03
   2.8000000e-01   1.5394730e+01   1.0305754e-02
   2.9000000e-01   1.5954367e+01  -2.4580122e-03
   3.0000000e-01   1.6480363e+01  -1.2590586e-02
   3.1000000e-01   1.7049824e+01  -2.9117576e-03
   3.2000000e-01   1.7595439e+01  -1.5094696e-02
   3.3000000e-01   1.8123079e+01   7.4556474e-03
   3.4000000e-01   1.8687633e+01   1.0352321e-02
   3.5000000e-01   1.9253273e+01  -4.7857453e-04
   3.6000000e-01   1.9789193e+01   2.0090179e-03
   3.7000000e-01   2.0337982e+01   1.5781606e-02
   3.8000000e-01   2.0882889e+01  -1.2223397e-04
   3.9000000e-01   2.1449237e+01   7.0558104e-03
   4.0000000e-01   2.1979528e+01   7.2269513e-03
   4.1000000e-01   2.2531206e+01   4.2580303e-03
   4.2000000e-01   2.3087769e+01  -1.4582439e-03
   4.3000000e-01   2.3648614e+01   7.0502212e-03
   4.4000000e-01   2.4194611e+01   4.7788420e-03
   4.5000000e-01   2.4729096e+01   2.2850280e-02
   4.6000000e-01   2.5268735e+01   9.6228024e-03
   4.7000000e-01   2.5838360e+01   8.6424522e-03
   4.8000000e-01   2.6398716e+01   7.6016481e-03
   4.9000000e-01   2.6952547e+01   1.1192961e-03
   5.0000000e-01   2.7494224e+01   1.3684804e-02
   5.1000000e-01   2.8043643e+01   1.5743333e-02
   5.2000000e-01   2.8585140e+01   1.6137610e-02
   5.3000000e-01   2.9134092e+01   1.1814229e-02
   5.4000000e-01   2.9676964e+01   1.2648002e-02
   5.5000000e-01   3.0233856e+01   7.8822547e-03
   5.6000000e-01   3.0782639e+01   6.1429143e-03
   5.7000000e-01   3.1324435e+01   9.3214981e-03
   5.8000000e-01   3.1875904e+01  -3.3547330e-03
   5.9000000e-01   3.2436813e+01   7.4055501e-03
   6.0000000e-01   3.2989900e+01   3.7609613e-03
   6.1000000e-01   3.3534823e+01   8.2635806e-03
   6.2000000e-01   3.4082675e+01   7.4524241e-03
   6.3000000e-01   3.4631827e+01   1.7770580e-02
   6.4000000e-01   3.5181862e+01  -2.3133018e-03
   6.5000000e-01   3.5748062e+01   1.7885751e-02
   6.6000000e-01   3.6296554e+01  -1.2069520e-03
   6.7000000e-01   3.6835037e+01   1.8980593e-02
   6.8000000e-01   3.7396375e+01   1.5377907e-03
   6.9000000e-01   3.7931193e+01   5.7774811e-03
   7.0000000e-01   3.8495553e+01   4.2514633e-03
   7.1000000e-01   3.9016537e+01  -2.1582854e-03
   7.2000000e-01   3.9575727e+01   2.3881438e-02
   7.3000000e-01   4.0117743e+01   2.5381664e-02
   7.4000000e-01   4.0689129e+01   1.0954426e-02
   7.5000000e-01   4.1233093e+01   9.1852825e-03
   7.6000000e-01   4.1787580e+01   1.5655234e-02
   7.7000000e-01   4.2320640e+01   3.1090018e-03
   7.8000000e-01   4.2884777e+01   6.2866972e-03
   7.9000000e-01   4.3450449e+01   1.3546834e-02
   8.0000000e-01   4.3981928e+01   5.5467807e-04
   8.1000000e-01   4.4544135e+01   5.4340060e-03
   8.2000000e-01   4.5088419e+01   1.1393175e-02
   8.3000000e-01   4.5639352e+01   2.9381661e-02
   8.4000000e-01   4.6179747e+01   2.6115622e-02
   8.5000000e-01   4.6736111e+01   1.8678616e-02
   8.6000000e-01   4.7278615e+01   1.2297688e-02
   8.7000000e-01   4.7821301e+01   1.5465203e-02
   8.8000000e-01   4.8385282e+01  -7.5935800e-04
   8.9000000e-01   4.8941724e+01   1.0579583e-02
   9.0000000e-01   4.9480978e+01   3.6594682e-02
   9.1000000e-01   5.0040351e+01   5.0057056e-03
   9.2000000e-01   5.0584605e+01   4.0702964e-03
   9.3000000e-01   5.1126904e+01   8.4214700e-03
   9.4000000e-01   5.1689480e+01   1.1202167e-02
   9.5000000e-01   5.2244262e+01   2.3651128e-02
   9.6000000e-01   5.2773627e+01  -1.9214556e-04
   9.7000000e-01   5.3322234e+01   1.0764248e-02
   9.8000000e-01   5.3880949e+01   8.5648343e-03
   9.9000000e-01   5.4424170e+01   1.4699466e-02
   1.0000000e+00   5.4975983e+01   1.6613854e-02
   1.0100000e+00   5.5531334e+01   1.3153839e-02
   1.0200000e+00   5.6082083e+01   1.6330589e-02
   1.0300000e+00   5.6628794e+01   1.8660575e-02
   1.0400000e+00   5.7173876e+01   1.7459967e-02
   1.0500000e+00   5.7710042e+01   1.2652292e-02
   1.0600000e+00   5.8280242e+01   1.8821978e-02
   1.0700000e+00   5.8828810e+01   2.7073266e-02
   1.0800000e+00   5.9374306e+01   1.2500860e-02
   1.0900000e+00   5.9928294e+01   3.0664558e-02
   1.1000000e+00   6.0476256e+01   9.6042289e-03
   1.1100000e+00   6.1027514e+01   1.5411652e-02
   1.1200000e+00   6.1571678e+01   1.4996881e-02
   1.1300000e+00   6.2129515e+01   1.2322007e-02
   1.1400000e+00   6.2663572e+01   6.3811458e-03
   1.1500000e+00   6.3230635e+01   2.2932414e-02
   1.1600000e+00   6.3770036e+01   1.3066098e-02
   1.1700000e+00   6.4330462e+01   1.0879930e-02
   1.1800000e+00   6.4870180e+01   1.5937799e-02
   1.1900000e+00   6.5412707e+01   2.3136442e-02
   1.2000000e+00   6.5980977e+01   2.4299572e-02
   1.2100000e+00   6.6519319e+01   1.4408829e-02
   1.2200000e+00   6.7069357e+01   2.4171992e-02
   1.2300000e+00   6.7618439e+01   1.8899361e-02
   1.2400000e+00   6.8170926e+01   2.9929367e-02
   1.2500000e+00   6.8721621e+01   4.9644001e-03
   1.2600000e+00   6.9258994e+01   2.7181671e-02
   1.2700000e+00   6.9825492e+01   2.7983378e-02
   1.2800000e+00   7.0370697e+01   2.5397958e-02
   1.2900000e+00   7.0927104e+01   2.2837786e-02
   1.3000000e+00   7.1473219e+01   2.3320392e-02
   1.3100000e+00   7.2016841e+01   2.3606598e-02
   1.3200000e+00   7.2578633e+01   1.2911107e-02
   1.3300000e+00   7.3130555e+01   2.2327861e-02
   1.3400000e+00   7.3660101e+01   2.8609932e-02
   1.3500000e+00   7.4206692e+01   4.3489317e-02
   1.3600000e+00   7.4774497e+01   1.4206077e-02
   1.3700000e+00   7.5317362e+01   2.7482768e-02
   1.3800000e+00   7.5887647e+01   1.0881957e-02
   1.3900000e+00   7.6416889e+01   1.3490511e-02
   1.4000000e+00   7.6975068e+01   2.4864913e-02
   1.4100000e+00   7.7517665e+01   2.9698006e-02
   1.4200000e+00   7.8083033e+01   2.4920376e-02
   1.4300000e+00   7.8621012e+01   2.4368630e-02
   1.4400000e+00   7.9163554e+01   2.0010875e-02
   1.4500000e+00   7.9715260e+01   6.8443627e-03
   1.4600000e+00   8.0271784e+01   1.8138316e-02
   1.4700000e+00   8.0819678e+01   2.6030034e-02
   1.4800000e+00   8.1385217e+01   3.2947504e-02
   1.4900000e+00   8.1921911e+01   3.1927755e-02
   1.5000000e+00   8.2461288e+01   1.4379424e-02
   1.5100000e+00   8.3016606e+01   2.3827834e-02
   1.5200000e+00   8.3574157e+01   9.7301546e-03
   1.5300000e+00   8.4105526e+01   1.8785316e-02
   1.5400000e+00   8.4655182e+01   2.0449131e-02
   1.5500000e+00   8.5214523e+01   1.9907170e-02
   1.5600000e+00   8.5765532e+01   1.9078802e-02
   1.5700000e+00   8.6330097e+01   2.4529763e-02
   1.5800000e+00   8.6866985e+01   1.8718021e-02
   1.5900000e+00   8.7423783e+01   3.0052254e-02
   1.6000000e+00   8.7957376e+01   2.9912312e-02
   1.6100000e+00   8.8504910e+01   2.3190084e-02
   1.6200000e+00   8.9062687e+01   2.7518718e-02
   1.6300000e+00   8.9606964e+01   2.6778641e-02
   1.6400000e+00   9.0160737e+01   2.1590863e-02
   1.6500000e+00   9.0717651e+01   2.2498327e-02
   1.6600000e+00   9.1259686e+01   2.0491595e-02
   1.6700000e+00   9.1822587e+01   2.0405593e-02
   1.6800000e+00   9.2368693e+01   3.2456078e-02
   1.6900000e+00   9.2902949e+01   2.8228507e-02
   1.7000000e+00   9.3453193e+01   3.4677197e-02
   1.7100000e+00   9.4011609e+01   1.7901475e-02
   1.7200000e+00   9.4565844e+01   3.3100188e-02
   1.7300000e+00   9.5107731e+01   6.2950730e-03
   1.7400000e+00   9.5653863e+01   2.4955914e-02
   1.7500000e+00   9.6199727e+01   3.9444099e-02
   1.7600000e+00   9.6754998e+01   2.4109988e-02
   1.7700000e+00   9.7320164e+01   2.0294723e-02
   1.7800000e+00   9.7858400e+01   2.1585807e-02
   1.7900000e+00   9.8412661e+01   1.4831446e-02
   1.8000000e+00   9.8975867e+01   3.3952831e-02
   1.8100000e+00   9.9506886e+01   2.9369657e-02
   1.8200000e+00   1.0006631e+02   2.2873747e-02
   1.8300000e+00   1.0060839e+02   1.4627334e-02
   1.8400000e+00   1.0115982e+02   3.1579732e-02
   1.8500000e+00   1.0170237e+02   2.2554656e-02
   1.8600000e+00   1.0226297e+02   2.0280927e-02
   1.8700000e+00   1.0281728e+02   2.5389250e-02
   1.8800000e+00   1.0335465e+02   2.1135154e-02
   1.8900000e+00   1.0390334e+02   2.7412646e-02
   1.9000000e+00   1.0446141e+02   1.4681180e-02
   1.9100000e+00   1.0500224e+02   4.0879089e-02
   1.9200000e+00   1.0556717e+02   3.2094859e-02
   1.9300000e+00   1.0610263e+02   2.7627702e-02
   1.9400000e+00   1.0666516e+02   2.9066263e-02
   1.9500000e+00   1.0721595e+02   3.0790118e-02
   1.9600000e+00   1.0777167e+02   2.9054615e-02
   1.9700000e+00   1.0828855e+02   2.8462899e-02
   1.9800000e+00   1.0886061e+02   3.1915046e-02
   1.9900000e+00   1.0939650e+02   3.2410056e-02
   2.0000000e+00   1.0995076e+02   3.6978853e-02
   2.0100000e+00   1.1050089e+02   3.1458029e-02
   2.0200000e+00   1.1106389e+02   3.5129071e-02
   2.0300000e+00   1.1162008e+02   1.6661398e-02
   2.0400000e+00   1.1215033e+02   4.4849251e-02
   2.0500000e+00   1.1271095e+02   3.1481014e-02
   2.0600000e+00   1.1324423e+02   2.0779943e-02
   2.0700000e+00   1.1380853e+02   2.3178752e-02
   2.0800000e+00   1.1434798e+02   2.3168442e-02
   2.0900000e+00   1.1488416e+02   2.4235282e-02
   2.1000000e+00   1.1544801e+02   2.1656579e-02
   2.1100000e+00   1.1600897e+02   3.0034778e-02
   2.1200000e+00   1.1655874e+02   3.8613672e-02
   2.1300000e+00   1.1711516e+02   2.3294553e-02
   2.1400000e+00   1.1764363e+02   3.5170059e-02
   2.1500000e+00   1.1819782e+02   5.2835362e-02
   2.1600000e+00   1.1875121e+02   2.1450471e-02
   2.1700000e+00   1.1928388e+02   3.4743573e-02
   2.1800000e+00   1.1986612e+02   3.1618249e-02
   2.1900000e+00   1.2040812e+02   2.6409013e-02
   2.2000000e+00   1.2094645e+02   2.4677413e-02
   2.2100000e+00   1.2149713e+02   5.0597198e-02
   2.2200000e+00   1.2205072e+02   4.3569228e-02
   2.2300000e+00   1.2261325e+02   2.7820247e-02
   2.2400000e+00   1.2314668e+02   2.9805121e-02
   2.2500000e+00   1.2370371e+02   1.3030552e-02
   2.2600000e+00   1.2425883e+02   3.5313057e-02
   2.2700000e+00   1.2479405e+02   3.1025353e-02
   2.2800000e+00   1.2534130e+02   3.4040477e-02
   2.2900000e+00   1.2590047e+02   3.7186790e-02
   2.3000000e+00   1.2645816e+02   4.3004233e-02
   2.3100000e+00   1.2698896e+02   3.0005326e-02
   2.3200000e+00   1.2754588e+02   3.5935273e-02
   2.3300000e+00   1.2810029e+02   3.4484595e-02
   2.3400000e+00   1.2864108e+02   2.7554170e-02
   2.3500000e+00   1.2919892e+02   3.9547541e-02
   2.3600000e+00   1.2976420e+02   2.3308589e-02
   2.3700000e+00   1.3029116e+02   1.5813297e-02
   2.3800000e+00   1.3084698e+02   3.7507943e-02
   2.3900000e+00   1.3139023e+02   2.3772633e-02
   2.4000000e+00   1.3194346e+02   3.0426583e-02
   2.4100000e+00   1.3249114e+02   3.5615491e-02
   2.4200000e+00   1.3305021e+02   3.0421052e-02
   2.4300000e+00   1.3360047e+02   3.0354181e-02
   2.4400000e+00   1.3415509e+02   3.4719915e-02
   2.4500000e+00   1.3468720e+02   3.7321116e-02
   2.4600000e+00   1.3523868e+02   2.0210184e-02
   2.4700000e+00   1.3578687e+02   2.1938586e-02
   2.4800000e+00   1.3633951e+02   2.4888663e-02
   2.4900000e+00   1.3689184e+02   3.5909869e-02
   2.5000000e+00   1.3745016e+02   3.2298911e-02
   2.5100000e+00   1.3799696e+02   2.3288817e-02
   2.5200000e+00   1.3854563e+02   3.5740247e-02
   2.5300000e+00   1.3910578e+02   3.1914963e-02
   2.5400000e+00   1.3964138e+02   4.1925560e-02
   2.5500000e+00   1.4021241e+02   2.3612431e-02
   2.5600000e+00   1.4074375e+02   3.0029805e-02
   2.5700000e+00   1.4129424e+02   3.4457894e-02
   2.5800000e+00   1.4184760e+02   4.0060611e-02
   2.5900000e+00   1.4238555e+02   3.6033489e-02
   2.6000000e+00   1.4294803e+02   3.4692299e-02
   2.6100000e+00   1.4348340e+02   4.9261399e-02
   2.6200000e+00   1.4405287e+02   4.0081172e-02
   2.6300000e+00   1.4459164e+02   4.6567491e-02
   2.6400000e+00   1.4513570e+02   4.4145442e-02
   2.6500000e+00   1.4569291e+02   2.6968355e-02
   2.6600000e+00   1.4623410e+02   4.2957771e-02
   2.6700000e+00   1.4680560e+02   3.1833238e-02
   2.6800000e+00   1.4733552e+02   3.6287583e-02
   2.6900000e+00   1.4789805e+02   3.2206989e-02
   2.7000000e+00   1.4844627e+02   5.1040988e-02
   2.7100000e+00   1.4898846e+02   3.1553291e-02
   2.7200000e+00   1.4952271e+02   3.8236052e-02
   2.7300000e+00   1.5008827e+02   5.0025663e-02
   2.7400000e+00   1.5063889e+02   4.4161897e-02
   2.7500000e+00   1.5118967e+02   3.8364368e-02
   2.7600000e+00   1.5174600e+02   3.4497371e-02
   2.7700000e+00   1.5229540e+02   4.0830055e-02
   2.7800000e+00   1.5283882e+02   5.6815743e-02
   2.7900000e+00   1.5338712e+02   2.3728320e-02
   2.8000000e+00   1.5395229e+02   4.6251355e-02
   2.8100000e+00   1.5448723e+02   4.4632003e-02
   2.8200000e+00   1.5503761e+02   2.6212154e-02
   2.8300000e+00   1.5559613e+02   3.7640582e-02
   2.8400000e+00   1.5613374e+02   3.1738213e-02
   2.8500000e+00   1.5669189e+02   3.6534558e-02
   2.8600000e+00   1.5723088e+02   3.8121266e-02
   2.8700000e+00   1.5779011e+02   3.7959923e-02
   2.8800000e+00   1.5834289e+02   4.7723972e-02
   2.8900000e+00   1.5887963e+02   5.9422909e-02
   2.9000000e+00   1.5943916e+02   2.4567447e-02
   2.9100000e+00   1.5998512e+02   3.7432332e-02
   2.9200000e+00   1.6052407e+02   4.7782177e-02
   2.9300000e+00   1.6108504e+02   3.4337413e-02
   2.9400000e+00   1.6164588e+02   3.2296594e-02
   2.9500000e+00   1.6219359e+02   4.8148741e-02
   2.9600000e+00   1.6271992e+02   3.4608150e-02
   2.9700000e+00   1.6327772e+02   4.2547790e-02
   2.9800000e+00   1.6384551e+02   3.8717860e-02
   2.9900000e+00   1.6438719e+02   3.2260544e-02
   3.0000000e+00   1.6494628e+02   4.4473171e-02
   3.0100000e+00   1.6549313e+02   4.8243220e-02
   3.0200000e+00   1.6602204e+02   4.2153401e-02
   3.0300000e+00   1.6658480e+02   4.9589128e-02
   3.0400000e+00   1.6713507e+02   4.5393614e-02
   3.0500000e+00   1.6769935e+02   3.7194433e-02
   3.0600000e+00   1.6823770e+02   3.8289633e-02
   3.0700000e+00   1.6877577e+02   3.4996675e-02
   3.0800000e+00   1.6932897e+02   2.7693155e-02
   3.0900000e+00   1.6988518e+02   4.8458369e-02
   3.1000000e+00   1.7042476e+02   3.9152461e-02
   3.1100000e+00   1.7097492e+02   3.9829741e-02
   3.1200000e+00   1.7153762e+02   2.8242850e-02
   3.1300000e+00   1.7207916e+02   4.6731291e-02
   3.1400000e+00   1.7262540e+02   4.7877454e-02
   3.1500000e+00   1.7318771e+02   4.6621881e-02
   3.1600000e+00   1.7373372e+02   4.1455093e-02
   3.1700000e+00   1.7429081e+02   5.9841329e-02
   3.1800000e+00   1.7483764e+02   3.7997492e-02
   3.1900000e+00   1.7536631e+02   4.7667971e-02
   3.2000000e+00   1.7592340e+02   4.2215605e-02
   3.2100000e+00   1.7649236e+02   3.3189478e-02
   3.2200000e+00   1.7702321e+02   4.2695291e-02
   3.2300000e+00   1.7756187e+02   5.0317960e-02
   3.2400000e+00   1.7813276e+02   3.8289189e-02
   3.2500000e+00   1.7868520e+02   3.5601579e-02
   3.2600000e+00   1.7921599e+02   4.0644039e-02
   3.2700000e+00   1.7977247e+02   3.8770693e-02
   3.2800000e+00   1.8032551e+02   5.6840374e-02
   3.2900000e+00   1.8087966e+02   4.0778673e-02
   3.3000000e+00   1.8143755e+02   4.3826012e-02
   3.3100000e+00   1.8198844e+02   3.2149290e-02
   3.3200000e+00   1.8252572e+02   4.5240975e-02
   3.3300000e+00   1.8306912e+02   3.6898750e-02
   3.3400000e+00   1.8361734e+02   4.3272620e-02
   3.3500000e+00   1.8417648e+02   2.3471111e-02
   3.3600000e+00   1.8472653e+02   4.2895615e-02
   3.3700000e+00   1.8526903e+02   4.2390621e-02
   3.3800000e+00   1.8582569e+02   4.3824910e-02
   3.3900000e+00   1.8637330e+02   4.4304663e-02
   3.4000000e+00   1.8692502e+02   2.7696103e-02
   3.4100000e+00   1.8747925e+02   5.2643497e-02
   3.4200000e+00   1.8801775e+02   5.6949338e-02
   3.4300000e+00   1.8857662e+02   4.9682240e-02
   3.4400000e+00   1.8911411e+02   4.1835713e-02
   3.4500000e+00   1.8968098e+02   5.0021747e-02
   3.4600000e+00   1.9023144e+02   4.2874781e-02
   3.4700000e+00   1.9077294e+02   4.1459682e-02
   3.4800000e+00   1.9132721e+02   4.2510839e-02
   3.4900000e+00   1.9186364e+02   7.1002573e-02
   3.5000000e+00   1.9242185e+02   6.2213579e-02
   3.5100000e+00   1.9297656e+02   6.0556237e-02
   3.5200000e+00   1.9352729e+02   6.0876722e-02
   3.5300000e+00   1.9407209e+02   5.0742470e-02
   3.5400000e+00   1.9462217e+02   5.9945359e-02
   3.5500000e+00   1.9517970e+02   6.4714177e-02
   3.5600000e+00   1.9571209e+02   6.5361178e-02
   3.5700000e+00   1.9627511e+02   6.0194728e-02
   3.5800000e+00   1.9682858e+02   6.1461581e-02
   3.5900000e+00   1.9737491e+02   6.9305553e-02
   3.6000000e+00   1.9792123e+02   7.8143776e-02
   3.6100000e+00   1.9846305e+02   8.0924667e-02
   3.6200000e+00   1.9902018e+02   7.4324498e-02
   3.6300000e+00   1.9957617e+02   8.5209769e-02
   3.6400000e+00   2.0011770e+02   7.4648674e-02
   3.6500000e+00   2.0066570e+02   8.0336067e-02
   3.6600000e+00   2.0121745e+02   8.6054584e-02
   3.6700000e+00   2.0175716e+02   8.6510342e-02
   3.6800000e+00   2.0231488e+02   9.8541907e-02
   3.6900000e+00   2.0284810e+02   9.2540112e-02
   3.7000000e+00   2.0340893e+02   1.0637536e-01
   3.7100000e+00   2.0398407e+02   1.0303360e-01
   3.7200000e+00   2.0450852e+02   1.0722589e-01
   3.7300000e+00   2.0506332e+02   1.1519300e-01
   3.7400000e+00   2.0561486e+02   1.1015931e-01
   3.7500000e+00   2.0616270e+02   1.3544517e-01
   3.7600000e+00   2.0670457e+02   1.3584389e-01
   3.7700000e+00   2.0727471e+02   1.3828320e-01
   3.7800000e+00   2.0782314e+02   1.3502871e-01
   3.7900000e+00   2.0836655e+02   1.4024105e-01
   3.8000000e+00   2.0891728e+02   1.4532113e-01
   3.8100000e+00   2.0946294e+02   1.6846671e-01
   3.8200000e+00   2.1001917e+02   1.5144922e-01
   3.8300000e+00   2.1055973e+02   1.6222642e-01
   3.8400000e+00   2.1111443e+02   1.6711513e-01
   3.8500000e+00   2.1165084e+02   1.9012138e-01
   3.8600000e+00   2.1219975e+02   1.8017367e-01
   3.8700000e+00   2.1277272e+02   1.8756899e-01
   3.8800000e+00   2.1331934e+02   1.8044645e-01
   3.8900000e+00   2.1386357e+02   2.0285085e-01
   3.9000000e+00   2.1441249e+02   2.0553877e-01
   3.9100000e+00   2.1496405e+02   2.1862833e-01
   3.9200000e+00   2.1551172e+02   2.1961323e-01
   3.9300000e+00   2.1606443e+02   2.0593961e-01
   3.9400000e+00   2.1661777e+02   2.2820831e-01
   3.9500000e+00   2.1715568e+02   2.3642667e-01
   3.9600000e+00   2.1772140e+02   2.3450199e-01
   3.9700000e+00   2.1827005e+02   2.5583536e-01
   3.9800000e+00   2.1881540e+02   2.6618797e-01
   3.9900000e+00   2.1936860e+02   2.5679115e-01
   4.0000000e+00   2.1991097e+02   2.7861345e-01
   4.0100000e+00   2.2046878e+02   2.8137991e-01
   4.0200000e+00   2.2101351e+02   2.9455973e-01
   4.0300000e+00   2.2155716e+02   2.9175506e-01
   4.0400000e+00   2.2212207e+02   3.1126786e-01
   4.0500000e+00   2.2265925e+02   3.0603928e-01
   4.0600000e+00   2.2321066e+02   3.3964253e-01
   4.0700000e+00   2.2375877e+02   3.3944080e-01
   4.0800000e+00   2.2431000e+02   3.4253353e-01
   4.0900000e+00   2.2485192e+02   3.3939803e-01
   4.1000000e+00   2.2540661e+02   3.5658126e-01
   4.1100000e+00   2.2596889e+02   3.7875597e-01
   4.1200000e+00   2.2649873e+02   3.8517927e-01
   4.1300000e+00   2.2706165e+02   3.9348688e-01
   4.1400000e+00   2.2759646e+02   4.0007640e-01
   4.1500000e+00   2.2815992e+02   4.1717093e-01
   4.1600000e+00   2.2871300e+02   4.2537135e-01
   4.1700000e+00   2.2926384e+02   4.2593022e-01
   4.1800000e+00   2.2982304e+02   4.4126366e-01
   4.1900000e+00   2.3035674e+02   4.5328233e-01
   4.2000000e+00   2.3090981e+02   4.5625241e-01
   4.2100000e+00   2.3145687e+02   4.7372705e-01
   4.2200000e+00   2.3200578e+02   4.9347134e-01
   4.2300000e+00   2.3256221e+02   5.0033151e-01
   4.2400000e+00   2.3311995e+02   5.0753136e-01
   4.2500000e+00   2.3365137e+02   5.2245418e-01
   4.2600000e+00   2.3421508e+02   5.2832028e-01
   4.2700000e+00   2.3474814e+02   5.3683173e-01
   4.2800000e+00   2.3530491e+02   5.6040796e-01
   4.2900000e+00   2.3586309e+02   5.7988325e-01
   4.3000000e+00   2.3641018e+02   5.7601762e-01
   4.3100000e+00   2.3696407e+02   5.9028901e-01
   4.3200000e+00   2.3750701e+02   6.0378839e-01
   4.3300000e+00   2.3805517e+02   6.1092157e-01
   4.3400000e+00   2.3860217e+02   6.2870878e-01
   4.3500000e+00   2.3915245e+02   6.4114938e-01
   4.3600000e+00   2.3969175e+02   6.4308727e-01
   4.3700000e+00   2.4024803e+02   6.7955082e-01
   4.3800000e+00   2.4081153e+02   6.9186667e-01
   4.3900000e+00   2.4135387e+02   6.8493197e-01
   4.4000000e+00   2.4190880e+02   7.1832238e-01
   4.4100000e+00   2.4244484e+02   7.1796295e-01
   4.4200000e+00   2.4300701e+02   7.3925173e-01
   4.4300000e+00   2.4356162e+02   7.6009602e-01
   4.4400000e+00   2.4411440e+02   7.7234282e-01
   4.4500000e+00   2.4464639e+02   7.9141950e-01
   4.4600000e+00   2.4521777e+02   8.0629994e-01
   4.4700000e+00   2.4576389e+02   8.1971650e-01
   4.4800000e+00   2.4630623e+02   8.3732594e-01
   4.4900000e+00   2.4685532e+02   8.4455527e-01
   4.5000000e+00   2.4741848e+02   8.5258372e-01
   4.5100000e+00   2.4793896e+02   8.8533776e-01
   4.5200000e+00   2.4850431e+02   8.8852639e-01
   4.5300000e+00   2.4905878e+02   8.8331188e-01
   4.5400000e+00   2.4960550e+02   9.3406338e-01
   4.5500000e+00   2.5015692e+02   9.3685163e-01
   4.5600000e+00   2.5070339e+02   9.3709795e-01
   4.5700000e+00   2.5124775e+02   9.7368097e-01
   4.5800000e+00   2.5179744e+02   9.8504966e-01
   4.5900000e+00   2.5235475e+02   1.0010854e+00
   4.6000000e+00   2.5287856e+02   1.0578083e+00
   4.6100000e+00   2.5344161e+02   1.0452518e+00
   4.6200000e+00   2.5399693e+02   1.0486343e+00
   4.6300000e+00   2.5455029e+02   1.0740024e+00
   4.6400000e+00   2.5509364e+02   1.0717125e+00
   4.6500000e+00   2.5565370e+02   1.1070579e+00
   4.6600000e+00   2.5619122e+02   1.1125363e+00
   4.6700000e+00   2.5674629e+02   1.1297557e+00
   4.6800000e+00   2.5729102e+02   1.1702532e+00
   4.6900000e+00   2.5785852e+02   1.1937531e+00
   4.7000000e+00   2.5839207e+02   1.2011025e+00
   4.7100000e+00   2.5893769e+02   1.2406441e+00
   4.7200000e+00   2.5949286e+02   1.2390295e+00
   4.7300000e+00   2.6005597e+02   1.2608285e+00
   4.7400000e+00   2.6059601e+02   1.2780211e+00
   4.7500000e+00   2.6114434e+02   1.3106601e+00
   4.7600000e+00   2.6169816e+02   1.3177877e+00
   4.7700000e+00   2.6224288e+02   1.3341498e+00
   4.7800000e+00   2.6279490e+02   1.3801764e+00
   4.7900000e+00   2.6333784e+02   1.3922414e+00
   4.8000000e+00   2.6389439e+02   1.3948169e+00
   4.8100000e+00   2.6442252e+02   1.4103593e+00
   4.8200000e+00   2.6499421e+02   1.4540927e+00
   4.8300000e+00   2.6554454e+02   1.4587873e+00
   4.8400000e+00   2.6608588e+02   1.5019096e+00
   4.8500000e+00   2.6664865e+02   1.5314049e+00
   4.8600000e+00   2.6719627e+02   1.5244358e+00
   4.8700000e+00   2.6774925e+02   1.5571161e+00
   4.8800000e+00   2.6829267e+02   1.5709441e+00
   4.8900000e+00   2.6883916e+02   1.6039055e+00
   4.9000000e+00   2.6939338e+02   1.6332006e+00
   4.9100000e+00   2.6995090e+02   1.6463437e+00
   4.9200000e+00   2.7048858e+02   1.6561275e+00
   4.9300000e+00   2.7104039e+02   1.6762336e+00
   4.9400000e+00   2.7158863e+02   1.6990843e+00
   4.9500000e+00   2.7214294e+02   1.7299572e+00
   4.9600000e+00   2.7268082e+02   1.7497277e+00
   4.9700000e+00   2.7323287e+02   1.7714814e+00
   4.9800000e+00   2.7379091e+02   1.8111375e+00
   4.9900000e+00   2.7435552e+02   1.8179530e+00
